0:  150,661,100,1044,1182,1181,1180,1178,1177,1176,1175,1174,1173,1171,1170,1167,1166,1165,1164,1163,1162,1160,1159,1158,1153,1152,1150,1147,1146,1143,1142,1141,1139,1138,1136,1135,1134,1133,1131,1129,1126,1125,1124,1123,1122,1119,1118,1117,1115,1114,1113,1112,1111,1110,1109,1108,1107,1105,1104,1102,1101,1099,1098,1097,1096,1095,1094,1093,1092,1091,1090,1089,1088,1087,1086,1085,1084,1083,1082,1081,1080,1078,1077,1076,1075,1074,1073,1072,1071,1070,1069,1068,1067,1066,1065,1064,1063,1062,1060,1059,1058,1057,1056,1055,1054,1053,1052,1051,1050,1049,1048,1047,1046,1045,1044,1043,1042,1040,1039,1038,1037,1036,1035,1033,1032,1031,1030,1029,1028,1027,1026,1025,1023,1022,1020,1019,1017,1016,1015,1014,1013,1012,1011,1010,1009,1008,1007,1006,1005,1004,1003,1002,1001,1000,999,998,997,996,995,994,993,992,991,989,988,987,986,985,984,983,982,981,980,979,977,976,975,974,973,972,971,970,969,968,967,966,965,964,963,962,961,960,959,958,957,956,955,954,953,952,951,949,948,947,946,945,944,943,942,941,940,939,937,936,935,934,929,928,927,926,924,923,921,920,918,917,916,915,914,913,912,911,910,908,907,906,905,904,903,902,901,900,899,897,896,895,894,893,892,891,890,889,888,887,886,885,884,883,882,881,880,879,878,877,876,875,873,872,871,870,869,868,867,866,865,864,863,862,861,860,857,856,855,854,853,852,851,850,849,848,847,846,845,844,842,841,840,839,838,837,836,835,834,833,832,831,830,828,827,824,823,822,821,819,818,817,815,814,813,812,811,810,809,808,806,804,801,800,799,798,797,796,795,794,793,792,790,788,787,786,785,784,783,782,781,780,779,778,777,776,775,774,773,772,771,770,769,768,767,765,764,763,761,759,758,757,756,755,753,752,751,750,749,748,747,746,745,743,742,741,740,739,738,737,736,735,734,733,732,730,729,728,727,726,725,724,722,720,719,718,717,716,715,714,713,712,711,710,709,708,707,706,705,704,703,702,701,700,699,698,697,696,695,694,693,692,691,690,689,688,687,686,685,684,683,682,681,679,678,677,676,675,674,673,672,671,670,667,666,665,664,663,662,659,658,657,656,655,654,651,650,649,648,647,646,645,643,641,640,639,638,637,636,635,634,633,632,631,630,629,628,627,626,625,624,623,622,620,619,618,617,616,615,614,613,612,611,610,609,608,607,606,605,604,603,602,601,600,599,598,597,596,594,593,592,591,590,589,588,587,586,585,584,583,581,580,579,578,577,576,575,574,573,572,571,570,569,568,567,566,565,563,562,561,560,559,558,557,556,555,554,553,552,551,550,549,548,547,546,545,544,543,542,541,540,539,538,537,536,534,532,531,530,529,528,527,526,525,524,523,522,521,520,518,517,516,515,513,512,511,510,509,508,507,506,505,504,502,501,498,497,496,495,494,493,492,491,490,489,488,487,486,485,484,483,482,481,480,479,478,477,476,475,474,472,471,470,469,467,466,465,464,463,462,461,460,459,458,457,456,455,454,453,452,451,450,449,448,447,446,445,444,443,442,441,440,439,438,436,435,434,433,432,431,430,429,428,427,426,425,424,422,421,420,419,417,416,415,414,413,412,411,410,409,408,407,406,405,404,403,401,400,399,398,397,396,395,394,393,392,391,390,389,388,387,386,385,383,382,381,380,378,375,374,373,372,371,370,369,368,367,366,365,364,363,361,360,359,358,357,355,353,351,350,348,347,346,345,344,343,342,341,340,339,338,337,336,335,334,333,332,331,330,329,328,326,325,324,323,322,321,320,319,318,317,316,315,314,312,311,310,309,308,307,306,305,304,303,302,301,300,299,298,297,296,295,294,293,292,291,290,289,288,286,285,284,283,282,281,280,279,278,277,276,275,274,273,272,270,269,268,267,266,265,264,263,262,261,260,259,258,257,256,254,252,251,250,249,248,247,246,245,244,243,242,241,240,239,238,237,236,235,234,232,231,230,228,227,226,225,224,223,222,221,220,219,217,216,215,213,212,210,209,208,207,205,204,203,202,200,199,198,196,194,193,192,191,190,189,188,187,186,185,184,183,182,181,180,179,178,177,176,175,174,173,172,171,170,169,168,167,166,165,164,163,162,161,159,158,157,155,154,153,151,150,149,148,147,146,145,144,142,140,139,138,137,136,135,134,133,132,131,129,128,127,125,124,123,122,121,120,119,118,117,116,115,114,113,112,111,110,109,108,107,106,105,104,103,101,100,99,98,97,96,95,94,93,91,89,87,84,83,82,81,79,77,76,75,74,71,70,69,68,67,66,65,64,63,61,60,59,58,57,56,55,54,53,52,51,50,49,48,47,46,45,44,43,42,41,40,39,38,37,36,35,34,33,32,31,30,29,28,27,26,25,24,23,22,20,19,18,17,16,15,14,13,12,11,10,9,8,7,6,5,4,3,2,1, 
1:  158,661,6,34,1151,1130,1120,922,898,858,825,807,802,791,789,762,754,744,621,533,384,379,356,354,255,214,206,160,156,152,143,126,92,90,80,78,21,0, 
2:  166,663,16,19,978,930,925,909,859,829,816,803,721,668,652,499,376,352,349,141,102,72,1, 
3:  174,663,-4,12,1061,1034,919,826,820,760,519,377,362,327,195,2, 
4:  182,666,22,8,1168,990,931,582,514,423,287,3, 
5:  190,666,4,7,1018,500,437,313,271,197,4, 
6:  198,667,8,8,950,805,229,218,130,85,62,5, 
7:  206,667,4,8,1079,731,642,535,468,402,211,6, 
8:  214,669,16,2,680,7, 
9:  222,669,2,5,843,564,503,253,8, 
10:  230,669,-4,2,418,9, 
11:  238,668,-10,3,932,86,10, 
12:  246,668,-4,4,644,233,201,11, 
13:  254,668,-4,3,1021,473,12, 
14:  262,668,-2,1,13, 
15:  270,668,2,1,14, 
16:  278,668,-4,2,723,15, 
17:  285,664,-30,1,16, 
18:  292,659,-36,2,874,17, 
19:  296,652,-60,2,1024,18, 
20:  296,644,-84,1,19, 
21:  304,651,-8,2,595,19, 
22:  312,649,-14,1,21, 
23:  318,643,-42,2,933,22, 
24:  318,635,-88,2,73,23, 
25:  311,631,-150,1,24, 
26:  319,630,-12,1,25, 
27:  321,622,-74,2,766,26, 
28:  323,614,-74,1,27, 
29:  323,606,-90,1,28, 
30:  323,598,-90,1,29, 
31:  322,590,-98,1,30, 
32:  314,590,-180,1,31, 
33:  306,590,-180,1,32, 
34:  298,589,-168,2,653,33, 
35:  295,581,-110,1,34, 
36:  295,573,-88,1,35, 
37:  295,565,-92,1,36, 
38:  295,557,-86,1,37, 
39:  296,549,-82,1,38, 
40:  288,546,-156,1,39, 
41:  280,546,-176,2,660,40, 
42:  272,546,-178,1,41, 
43:  264,546,-180,2,661,42, 
44:  256,546,-180,1,43, 
45:  248,546,-180,2,1041,44, 
46:  240,545,-170,1,45, 
47:  232,542,-154,1,46, 
48:  224,540,-162,2,88,47, 
49:  216,538,-164,1,48, 
50:  208,537,-172,1,49, 
51:  200,537,-176,1,50, 
52:  192,536,-172,1,51, 
53:  184,535,-172,1,52, 
54:  176,535,-174,1,53, 
55:  168,535,-186,1,54, 
56:  166,543,-254,1,55, 
57:  166,551,-264,1,56, 
58:  166,559,-272,1,57, 
59:  168,567,-288,1,58, 
60:  174,573,-316,1,59, 
61:  182,574,-352,1,60, 
62:  167,527,-100,2,669,55, 
63:  165,519,-106,1,62, 
64:  162,511,-110,1,63, 
65:  159,503,-114,1,64, 
66:  154,496,-126,1,65, 
67:  148,490,-132,1,66, 
68:  142,484,-136,1,67, 
69:  135,480,-148,1,68, 
70:  128,484,-210,1,69, 
71:  131,476,-66,1,70, 
72:  127,479,-172,1,69, 
73:  231,536,-28,1,48, 
74:  235,529,-62,1,73, 
75:  229,523,-138,1,74, 
76:  227,515,-104,1,75, 
77:  219,512,-158,1,76, 
78:  234,510,-36,1,76, 
79:  226,510,-186,1,78, 
80:  242,507,-22,1,78, 
81:  250,506,-10,1,80, 
82:  258,509,20,1,81, 
83:  264,515,48,1,82, 
84:  266,523,72,2,938,83, 
85:  234,518,86,1,78, 
86:  243,528,-10,1,74, 
87:  236,523,-146,1,86, 
88:  304,546,-22,1,39, 
89:  300,539,-120,1,88, 
90:  312,545,-8,1,88, 
91:  305,541,-152,1,90, 
92:  312,537,-92,1,90, 
93:  309,529,-110,1,92, 
94:  306,521,-110,1,93, 
95:  304,513,-108,1,94, 
96:  301,505,-112,1,95, 
97:  298,497,-116,1,96, 
98:  293,490,-128,1,97, 
99:  286,485,-146,1,98, 
100:  278,486,-192,1,99, 
101:  272,492,-226,1,100, 
102:  282,478,-122,1,99, 
103:  276,472,-132,1,102, 
104:  271,465,-128,1,103, 
105:  263,463,-164,1,104, 
106:  255,464,-192,1,105, 
107:  248,469,-218,1,106, 
108:  248,477,-268,1,107, 
109:  243,470,-126,1,108, 
110:  235,468,-164,1,109, 
111:  228,464,-152,1,110, 
112:  226,456,-106,1,111, 
113:  225,448,-100,1,112, 
114:  220,441,-128,1,113, 
115:  214,435,-136,1,114, 
116:  214,427,-88,1,115, 
117:  213,419,-98,1,116, 
118:  212,411,-100,1,117, 
119:  215,403,-70,1,118, 
120:  207,403,-178,1,119, 
121:  201,398,-140,1,120, 
122:  194,394,-150,1,121, 
123:  188,388,-136,1,122, 
124:  180,389,-188,1,123, 
125:  187,393,-330,1,124, 
126:  172,392,-202,1,124, 
127:  164,395,-202,1,126, 
128:  157,400,-216,1,127, 
129:  151,406,-228,1,128, 
130:  186,380,-106,1,123, 
131:  182,373,-120,1,130, 
132:  179,365,-114,1,131, 
133:  174,358,-126,1,132, 
134:  169,351,-124,1,133, 
135:  162,346,-142,1,134, 
136:  154,343,-156,1,135, 
137:  146,340,-158,1,136, 
138:  138,340,-174,1,137, 
139:  130,340,-180,1,138, 
140:  122,343,-206,1,139, 
141:  145,335,-38,1,138, 
142:  137,335,-186,1,141, 
143:  153,333,-18,1,141, 
144:  159,327,-44,1,143, 
145:  156,319,-112,1,144, 
146:  153,311,-114,1,145, 
147:  150,303,-114,2,1100,146, 
148:  146,296,-118,1,147, 
149:  144,288,-108,1,148, 
150:  136,289,-190,1,149, 
151:  128,292,-200,1,150, 
152:  139,281,-66,1,150, 
153:  136,273,-112,1,152, 
154:  131,267,-130,1,153, 
155:  125,273,-228,1,154, 
156:  124,262,-146,1,154, 
157:  127,254,-66,1,156, 
158:  134,250,-28,1,157, 
159:  126,249,-172,1,158, 
160:  142,250,-4,1,158, 
161:  149,254,30,2,1103,160, 
162:  157,257,22,1,161, 
163:  165,260,26,1,162, 
164:  172,264,30,1,163, 
165:  180,267,26,1,164, 
166:  186,273,42,1,165, 
167:  194,273,2,1,166, 
168:  202,272,-10,1,167, 
169:  210,270,-16,1,168, 
170:  218,268,-16,1,169, 
171:  226,267,-8,1,170, 
172:  234,264,-22,1,171, 
173:  242,262,-18,1,172, 
174:  250,259,-20,1,173, 
175:  258,257,-14,1,174, 
176:  266,255,-18,1,175, 
177:  274,252,-20,1,176, 
178:  282,250,-18,1,177, 
179:  290,247,-20,1,178, 
180:  298,244,-20,1,179, 
181:  301,236,-70,1,180, 
182:  300,228,-98,1,181, 
183:  299,220,-100,1,182, 
184:  298,212,-100,1,183, 
185:  297,204,-100,1,184, 
186:  296,196,-102,1,185, 
187:  291,189,-124,1,186, 
188:  286,182,-126,1,187, 
189:  278,182,-186,1,188, 
190:  270,182,-178,1,189, 
191:  262,185,-202,1,190, 
192:  256,191,-226,1,191, 
193:  250,197,-226,1,192, 
194:  248,205,-252,1,193, 
195:  254,185,-176,1,191, 
196:  246,186,-192,1,195, 
197:  262,177,-88,1,191, 
198:  254,174,-158,1,197, 
199:  246,174,-174,1,198, 
200:  240,169,-140,1,199, 
201:  293,177,-38,1,188, 
202:  300,172,-38,1,201, 
203:  307,167,-38,1,202, 
204:  304,159,-114,1,203, 
205:  302,167,-252,1,204, 
206:  301,151,-110,1,204, 
207:  300,143,-100,1,206, 
208:  299,135,-100,1,207, 
209:  299,127,-84,1,208, 
210:  301,119,-74,1,209, 
211:  315,165,-16,1,203, 
212:  320,158,-52,1,211, 
213:  312,161,-204,1,212, 
214:  326,152,-46,1,212, 
215:  332,146,-46,1,214, 
216:  337,139,-52,1,215, 
217:  343,133,-48,1,216, 
218:  323,168,20,1,211, 
219:  331,170,14,1,218, 
220:  337,164,-46,1,219, 
221:  342,158,-50,1,220, 
222:  350,155,-22,1,221, 
223:  356,149,-44,1,222, 
224:  363,144,-34,1,223, 
225:  370,140,-30,1,224, 
226:  377,136,-30,1,225, 
227:  383,130,-46,1,226, 
228:  383,122,-90,1,227, 
229:  358,156,8,1,222, 
230:  366,156,6,1,229, 
231:  374,156,-4,1,230, 
232:  382,159,20,1,231, 
233:  339,172,76,1,220, 
234:  347,174,16,1,233, 
235:  355,175,8,1,234, 
236:  363,176,8,1,235, 
237:  371,179,24,1,236, 
238:  379,182,24,1,237, 
239:  387,182,4,1,238, 
240:  395,182,4,1,239, 
241:  403,184,18,1,240, 
242:  411,185,10,1,241, 
243:  419,185,6,1,242, 
244:  422,177,-70,1,243, 
245:  430,177,-4,1,244, 
246:  436,183,42,1,245, 
247:  443,188,36,1,246, 
248:  450,192,28,1,247, 
249:  458,195,26,1,248, 
250:  466,196,8,1,249, 
251:  474,195,-8,1,250, 
252:  482,194,-10,1,251, 
253:  426,190,36,1,243, 
254:  423,182,-112,2,1106,253, 
255:  431,197,56,1,253, 
256:  434,205,64,1,255, 
257:  437,213,64,1,256, 
258:  440,221,68,1,257, 
259:  441,229,78,1,258, 
260:  441,237,84,1,259, 
261:  441,245,90,1,260, 
262:  447,250,40,1,261, 
263:  455,250,-4,1,262, 
264:  461,255,40,1,263, 
265:  468,251,-30,1,264, 
266:  473,244,-52,1,265, 
267:  480,240,-32,1,266, 
268:  480,232,-90,1,267, 
269:  488,234,18,1,268, 
270:  496,231,-26,1,269, 
271:  471,259,70,1,265, 
272:  478,264,34,1,271, 
273:  476,272,104,1,272, 
274:  476,280,96,1,273, 
275:  473,288,112,1,274, 
276:  470,296,116,1,275, 
277:  464,302,134,1,276, 
278:  472,303,8,1,277, 
279:  480,303,4,1,278, 
280:  488,303,4,1,279, 
281:  496,303,4,1,280, 
282:  505,303,0,1,281, 
283:  505,295,-86,1,282, 
284:  505,287,-86,1,283, 
285:  505,279,-86,2,1116,284, 
286:  505,271,-90,1,285, 
287:  513,303,4,1,282, 
288:  521,303,4,1,287, 
289:  529,303,4,1,288, 
290:  537,303,4,1,289, 
291:  545,303,4,1,290, 
292:  553,303,4,1,291, 
293:  559,309,48,1,292, 
294:  559,317,90,1,293, 
295:  559,325,90,1,294, 
296:  559,333,90,1,295, 
297:  559,341,92,1,296, 
298:  565,347,46,1,297, 
299:  573,350,26,1,298, 
300:  581,352,16,1,299, 
301:  585,345,-58,1,300, 
302:  590,338,-54,1,301, 
303:  595,331,-54,1,302, 
304:  600,324,-54,1,303, 
305:  604,317,-60,1,304, 
306:  609,310,-56,1,305, 
307:  610,302,-80,1,306, 
308:  604,296,-134,1,307, 
309:  597,292,-148,1,308, 
310:  590,287,-144,1,309, 
311:  590,279,-92,1,310, 
312:  591,271,-80,1,311, 
313:  617,307,36,1,307, 
314:  624,311,28,1,313, 
315:  632,314,22,1,314, 
316:  640,317,22,1,315, 
317:  648,320,26,1,316, 
318:  655,325,36,1,317, 
319:  656,333,78,1,318, 
320:  663,337,28,1,319, 
321:  671,337,4,1,320, 
322:  679,337,2,1,321, 
323:  687,334,-24,1,322, 
324:  688,326,-80,1,323, 
325:  691,318,-70,1,324, 
326:  691,310,-86,1,325, 
327:  688,342,80,1,323, 
328:  688,350,88,1,327, 
329:  688,358,94,1,328, 
330:  687,366,98,1,329, 
331:  686,374,98,1,330, 
332:  686,382,96,1,331, 
333:  685,390,98,1,332, 
334:  685,398,92,1,333, 
335:  686,406,80,1,334, 
336:  687,414,80,1,335, 
337:  687,422,88,1,336, 
338:  687,430,90,1,337, 
339:  695,433,24,1,338, 
340:  703,433,-4,1,339, 
341:  711,433,-4,1,340, 
342:  719,433,-4,1,341, 
343:  727,433,-4,1,342, 
344:  735,433,-4,1,343, 
345:  743,433,2,1,344, 
346:  751,431,-14,1,345, 
347:  757,425,-46,1,346, 
348:  762,418,-54,1,347, 
349:  752,439,82,1,346, 
350:  760,438,-10,1,349, 
351:  767,433,-38,2,1121,350, 
352:  750,447,108,1,349, 
353:  757,442,-38,1,352, 
354:  752,455,72,1,352, 
355:  755,447,-70,1,354, 
356:  751,463,98,1,354, 
357:  751,471,84,1,356, 
358:  759,470,-8,1,357, 
359:  764,463,-52,1,358, 
360:  769,457,-50,1,359, 
361:  774,450,-54,1,360, 
362:  753,476,134,1,358, 
363:  749,483,122,1,362, 
364:  746,491,112,1,363, 
365:  743,499,114,1,364, 
366:  740,507,116,1,365, 
367:  737,515,116,1,366, 
368:  733,522,118,1,367, 
369:  729,529,118,1,368, 
370:  727,537,104,1,369, 
371:  735,538,8,1,370, 
372:  744,538,0,1,371, 
373:  752,538,4,1,372, 
374:  759,533,-38,1,373, 
375:  765,527,-46,1,374, 
376:  760,540,18,1,373, 
377:  747,545,126,1,373, 
378:  755,543,-16,1,377, 
379:  739,548,160,1,377, 
380:  731,548,182,1,379, 
381:  723,545,202,1,380, 
382:  717,550,140,1,381, 
383:  725,550,-2,1,382, 
384:  712,557,126,1,382, 
385:  720,554,-24,1,384, 
386:  712,551,-154,1,385, 
387:  706,557,-226,1,386, 
388:  712,562,-320,1,387, 
389:  711,570,-262,1,388, 
390:  707,577,-240,1,389, 
391:  702,584,-234,1,390, 
392:  698,591,-242,1,391, 
393:  697,599,-260,1,392, 
394:  702,606,-308,1,393, 
395:  710,609,-340,1,394, 
396:  718,611,-344,1,395, 
397:  726,613,-342,1,396, 
398:  734,615,-344,1,397, 
399:  742,617,-344,1,398, 
400:  750,619,-344,1,399, 
401:  758,620,-352,1,400, 
402:  694,608,-198,1,394, 
403:  692,616,-254,1,402, 
404:  690,624,-254,1,403, 
405:  689,632,-260,1,404, 
406:  688,640,-258,1,405, 
407:  693,647,-306,1,406, 
408:  701,649,-344,1,407, 
409:  709,651,-344,1,408, 
410:  717,653,-344,1,409, 
411:  725,654,-350,1,410, 
412:  733,656,-342,1,411, 
413:  740,660,-332,1,412, 
414:  747,664,-332,1,413, 
415:  754,668,-332,1,414, 
416:  761,672,-332,1,415, 
417:  768,676,-332,1,416, 
418:  689,654,-242,1,407, 
419:  689,662,-272,1,418, 
420:  690,670,-280,1,419, 
421:  691,678,-280,1,420, 
422:  692,686,-282,1,421, 
423:  687,646,-104,1,418, 
424:  679,643,-160,1,423, 
425:  671,643,-176,1,424, 
426:  663,643,-178,1,425, 
427:  655,643,-184,1,426, 
428:  647,643,-184,1,427, 
429:  639,644,-190,1,428, 
430:  631,645,-188,1,429, 
431:  625,651,-222,1,430, 
432:  619,657,-228,1,431, 
433:  615,664,-238,1,432, 
434:  612,672,-244,1,433, 
435:  608,679,-242,1,434, 
436:  605,687,-244,1,435, 
437:  619,645,-138,1,431, 
438:  611,642,-158,1,437, 
439:  604,637,-146,1,438, 
440:  596,637,-184,1,439, 
441:  588,638,-192,1,440, 
442:  580,639,-190,1,441, 
443:  572,639,-180,1,442, 
444:  564,639,-178,1,443, 
445:  556,639,-180,1,444, 
446:  548,639,-184,1,445, 
447:  540,639,-186,1,446, 
448:  532,640,-190,1,447, 
449:  524,641,-192,1,448, 
450:  516,642,-192,1,449, 
451:  508,644,-196,1,450, 
452:  500,645,-188,1,451, 
453:  492,645,-186,1,452, 
454:  484,646,-190,1,453, 
455:  476,646,-180,1,454, 
456:  468,646,-176,1,455, 
457:  460,645,-170,1,456, 
458:  452,642,-160,1,457, 
459:  446,648,-224,1,458, 
460:  445,656,-258,1,459, 
461:  453,659,-338,1,460, 
462:  461,662,-338,1,461, 
463:  469,665,-334,1,462, 
464:  475,671,-316,1,463, 
465:  481,677,-314,1,464, 
466:  487,683,-312,1,465, 
467:  493,689,-318,1,466, 
468:  439,662,-226,1,460, 
469:  434,669,-234,1,468, 
470:  430,676,-242,1,469, 
471:  428,684,-252,1,470, 
472:  424,691,-242,1,471, 
473:  442,641,-118,1,459, 
474:  435,636,-144,1,473, 
475:  427,636,-180,1,474, 
476:  421,642,-222,1,475, 
477:  414,646,-208,1,476, 
478:  406,649,-200,1,477, 
479:  399,653,-208,1,478, 
480:  391,656,-202,1,479, 
481:  383,659,-200,1,480, 
482:  384,667,-278,1,481, 
483:  388,660,-420,1,482, 
484:  382,654,-492,1,483, 
485:  379,662,-606,1,484, 
486:  373,668,-586,1,485, 
487:  366,673,-578,1,486, 
488:  360,679,-586,1,487, 
489:  354,685,-588,1,488, 
490:  346,688,-562,1,489, 
491:  338,691,-564,1,490, 
492:  340,683,-436,1,491, 
493:  335,676,-488,1,492, 
494:  327,676,-534,1,493, 
495:  319,675,-532,1,494, 
496:  313,669,-492,1,495, 
497:  313,677,-630,1,496, 
498:  313,685,-630,1,497, 
499:  313,661,-454,1,496, 
500:  329,668,-432,1,494, 
501:  326,660,-476,1,500, 
502:  321,653,-488,1,501, 
503:  343,676,-366,1,493, 
504:  346,668,-430,1,503, 
505:  348,660,-434,1,504, 
506:  350,652,-432,1,505, 
507:  353,644,-428,1,506, 
508:  355,636,-436,1,507, 
509:  356,628,-440,1,508, 
510:  348,631,-562,1,509, 
511:  340,634,-566,1,510, 
512:  332,637,-566,1,511, 
513:  324,640,-566,1,512, 
514:  357,620,-440,1,509, 
515:  358,612,-438,1,514, 
516:  350,612,-540,1,515, 
517:  342,612,-540,1,516, 
518:  334,612,-540,1,517, 
519:  364,606,-408,1,515, 
520:  363,598,-462,1,519, 
521:  362,590,-458,2,1127,520, 
522:  356,585,-500,1,521, 
523:  350,579,-496,1,522, 
524:  344,573,-492,2,1128,523, 
525:  338,567,-492,1,524, 
526:  333,560,-488,1,525, 
527:  325,557,-514,1,526, 
528:  318,552,-502,1,527, 
529:  318,560,-636,1,528, 
530:  319,568,-640,1,529, 
531:  320,576,-640,1,530, 
532:  321,584,-638,1,531, 
533:  313,572,-508,1,531, 
534:  305,570,-522,2,1132,533, 
535:  332,553,-390,1,527, 
536:  335,545,-428,1,535, 
537:  336,537,-440,1,536, 
538:  339,529,-424,1,537, 
539:  343,522,-420,1,538, 
540:  346,514,-424,1,539, 
541:  353,509,-398,1,540, 
542:  345,509,-536,1,541, 
543:  337,509,-536,1,542, 
544:  331,504,-500,1,543, 
545:  331,496,-454,1,544, 
546:  331,488,-454,1,545, 
547:  331,480,-454,1,546, 
548:  331,472,-454,1,547, 
549:  331,464,-454,1,548, 
550:  331,456,-454,1,549, 
551:  331,448,-454,1,550, 
552:  331,440,-454,1,551, 
553:  330,432,-458,1,552, 
554:  330,424,-444,1,553, 
555:  323,429,-578,1,554, 
556:  320,437,-608,1,555, 
557:  320,445,-626,1,556, 
558:  317,453,-604,1,557, 
559:  309,456,-562,1,558, 
560:  301,457,-550,1,559, 
561:  293,458,-550,1,560, 
562:  285,459,-552,1,561, 
563:  277,462,-560,1,562, 
564:  330,416,-450,1,554, 
565:  330,408,-450,1,564, 
566:  330,400,-450,1,565, 
567:  330,392,-450,1,566, 
568:  329,384,-458,1,567, 
569:  322,379,-502,1,568, 
570:  318,372,-480,1,569, 
571:  314,365,-478,1,570, 
572:  311,357,-476,1,571, 
573:  306,350,-484,1,572, 
574:  298,350,-540,1,573, 
575:  290,352,-554,1,574, 
576:  282,355,-566,1,575, 
577:  280,363,-614,1,576, 
578:  274,369,-584,1,577, 
579:  266,371,-554,1,578, 
580:  260,377,-586,1,579, 
581:  254,383,-584,1,580, 
582:  276,356,-482,1,577, 
583:  269,352,-510,1,582, 
584:  261,349,-518,1,583, 
585:  255,343,-494,1,584, 
586:  254,335,-462,1,585, 
587:  249,329,-490,1,586, 
588:  244,323,-490,1,587, 
589:  241,315,-476,1,588, 
590:  238,307,-472,1,589, 
591:  237,299,-458,1,590, 
592:  236,291,-460,1,591, 
593:  233,283,-470,1,592, 
594:  230,275,-470,1,593, 
595:  312,344,-406,1,573, 
596:  320,342,-374,1,595, 
597:  328,339,-382,1,596, 
598:  331,331,-426,1,597, 
599:  331,323,-454,1,598, 
600:  331,315,-454,1,599, 
601:  331,307,-452,1,600, 
602:  339,304,-384,1,601, 
603:  347,306,-346,1,602, 
604:  355,306,-366,1,603, 
605:  363,305,-370,1,604, 
606:  364,297,-440,1,605, 
607:  364,289,-452,1,606, 
608:  370,284,-400,1,607, 
609:  378,284,-362,1,608, 
610:  386,283,-368,1,609, 
611:  393,279,-388,1,610, 
612:  400,275,-392,1,611, 
613:  408,272,-380,1,612, 
614:  416,271,-368,1,613, 
615:  424,270,-368,1,614, 
616:  432,267,-380,1,615, 
617:  432,259,-454,1,616, 
618:  430,251,-466,1,617, 
619:  422,248,-516,1,618, 
620:  414,251,-562,1,619, 
621:  417,241,-488,1,619, 
622:  410,236,-506,1,621, 
623:  402,235,-528,1,622, 
624:  394,234,-532,1,623, 
625:  386,233,-528,1,624, 
626:  378,232,-528,1,625, 
627:  370,230,-526,1,626, 
628:  362,229,-532,1,627, 
629:  354,229,-542,1,628, 
630:  346,230,-548,2,1137,629, 
631:  338,233,-562,1,630, 
632:  330,236,-560,1,631, 
633:  322,239,-562,1,632, 
634:  322,247,-630,1,633, 
635:  326,254,-660,1,634, 
636:  331,261,-664,1,635, 
637:  331,269,-630,1,636, 
638:  325,275,-586,1,637, 
639:  319,281,-588,1,638, 
640:  314,288,-594,1,639, 
641:  310,295,-600,1,640, 
642:  315,243,-508,1,634, 
643:  307,243,-538,1,642, 
644:  340,225,-432,1,631, 
645:  337,217,-470,1,644, 
646:  334,209,-474,1,645, 
647:  329,202,-484,1,646, 
648:  327,194,-464,1,647, 
649:  326,186,-462,1,648, 
650:  318,186,-536,1,649, 
651:  310,186,-542,1,650, 
652:  330,179,-422,1,649, 
653:  430,243,-446,1,618, 
654:  429,235,-458,1,653, 
655:  428,227,-462,1,654, 
656:  425,219,-470,1,655, 
657:  423,211,-468,2,1140,656, 
658:  420,203,-472,1,657, 
659:  418,195,-466,1,658, 
660:  438,249,-376,1,618, 
661:  438,265,-316,1,617, 
662:  446,265,-356,1,661, 
663:  451,258,-414,1,662, 
664:  451,266,-272,1,663, 
665:  458,270,-332,1,664, 
666:  460,262,-436,1,665, 
667:  466,256,-408,1,666, 
668:  466,272,-342,1,665, 
669:  372,299,-344,1,606, 
670:  380,300,-350,1,669, 
671:  388,300,-356,1,670, 
672:  396,297,-382,1,671, 
673:  404,295,-376,1,672, 
674:  412,295,-360,1,673, 
675:  420,295,-360,1,674, 
676:  428,295,-364,1,675, 
677:  435,291,-392,1,676, 
678:  441,285,-406,1,677, 
679:  449,283,-374,1,678, 
680:  396,303,-340,1,671, 
681:  404,303,-356,1,680, 
682:  412,303,-356,1,681, 
683:  420,303,-356,1,682, 
684:  428,303,-356,1,683, 
685:  436,303,-356,1,684, 
686:  444,303,-356,1,685, 
687:  452,303,-354,1,686, 
688:  456,310,-298,1,687, 
689:  453,318,-248,1,688, 
690:  450,326,-248,1,689, 
691:  455,333,-304,1,690, 
692:  460,339,-310,1,691, 
693:  467,343,-328,1,692, 
694:  475,346,-338,1,693, 
695:  483,348,-344,1,694, 
696:  491,348,-360,1,695, 
697:  491,356,-272,1,696, 
698:  498,360,-330,1,697, 
699:  506,362,-346,1,698, 
700:  514,364,-342,1,699, 
701:  521,368,-330,1,700, 
702:  527,374,-314,1,701, 
703:  535,376,-342,1,702, 
704:  543,376,-358,1,703, 
705:  550,381,-324,1,704, 
706:  555,388,-308,1,705, 
707:  558,380,-430,1,706, 
708:  558,372,-446,1,707, 
709:  558,364,-446,1,708, 
710:  558,356,-446,1,709, 
711:  559,348,-440,1,710, 
712:  552,343,-504,1,711, 
713:  544,341,-524,1,712, 
714:  536,340,-532,1,713, 
715:  528,337,-518,1,714, 
716:  521,332,-504,1,715, 
717:  514,328,-510,1,716, 
718:  506,326,-522,1,717, 
719:  500,332,-588,1,718, 
720:  498,340,-614,1,719, 
721:  503,318,-474,1,718, 
722:  503,310,-446,1,721, 
723:  562,392,-328,1,706, 
724:  570,392,-366,1,723, 
725:  578,392,-358,1,724, 
726:  583,399,-308,1,725, 
727:  587,406,-300,1,726, 
728:  588,414,-280,1,727, 
729:  591,422,-294,1,728, 
730:  596,428,-310,1,729, 
731:  560,400,-252,1,723, 
732:  560,408,-266,1,731, 
733:  559,416,-262,1,732, 
734:  560,424,-282,1,733, 
735:  566,430,-316,1,734, 
736:  572,436,-314,1,735, 
737:  576,443,-300,1,736, 
738:  578,451,-288,1,737, 
739:  586,450,-368,1,738, 
740:  594,448,-378,1,739, 
741:  602,445,-380,1,740, 
742:  610,445,-364,1,741, 
743:  605,438,-486,1,742, 
744:  618,444,-368,1,742, 
745:  626,443,-370,1,744, 
746:  634,442,-370,1,745, 
747:  642,441,-370,1,746, 
748:  650,440,-370,1,747, 
749:  658,440,-364,1,748, 
750:  666,439,-368,1,749, 
751:  674,439,-366,1,750, 
752:  682,436,-380,1,751, 
753:  690,434,-378,1,752, 
754:  681,444,-260,1,752, 
755:  680,452,-262,1,754, 
756:  687,456,-328,1,755, 
757:  694,452,-388,1,756, 
758:  697,444,-426,1,757, 
759:  699,436,-436,1,758, 
760:  680,460,-208,1,756, 
761:  680,468,-266,1,760, 
762:  672,457,-154,2,1144,760, 
763:  664,457,-176,1,762, 
764:  656,457,-180,1,763, 
765:  648,457,-180,1,764, 
766:  576,459,-252,1,738, 
767:  571,466,-234,1,766, 
768:  565,472,-226,1,767, 
769:  559,478,-224,1,768, 
770:  559,486,-270,1,769, 
771:  559,494,-270,1,770, 
772:  558,502,-262,1,771, 
773:  559,510,-282,1,772, 
774:  565,516,-318,1,773, 
775:  572,520,-328,1,774, 
776:  579,515,-396,1,775, 
777:  586,510,-398,1,776, 
778:  593,505,-394,1,777, 
779:  601,506,-350,1,778, 
780:  609,509,-340,1,779, 
781:  617,511,-342,1,780, 
782:  625,514,-336,1,781, 
783:  633,514,-366,1,782, 
784:  641,513,-372,1,783, 
785:  649,513,-354,1,784, 
786:  656,517,-330,1,785, 
787:  663,512,-394,1,786, 
788:  655,512,-544,1,787, 
789:  670,507,-396,1,787, 
790:  662,507,-544,1,789, 
791:  677,502,-398,1,789, 
792:  684,497,-398,1,791, 
793:  690,491,-402,1,792, 
794:  697,486,-398,1,793, 
795:  703,481,-400,1,794, 
796:  710,476,-398,1,795, 
797:  716,471,-400,1,796, 
798:  724,469,-378,1,797, 
799:  731,465,-392,1,798, 
800:  736,458,-416,1,799, 
801:  728,461,-566,1,800, 
802:  742,452,-402,1,800, 
803:  739,466,-292,1,800, 
804:  747,467,-350,1,803, 
805:  723,477,-260,1,798, 
806:  729,471,-408,1,805, 
807:  718,484,-232,1,805, 
808:  712,490,-226,1,807, 
809:  706,496,-228,1,808, 
810:  700,502,-228,1,809, 
811:  695,509,-232,1,810, 
812:  689,515,-226,1,811, 
813:  684,522,-232,1,812, 
814:  692,525,-338,1,813, 
815:  700,526,-352,1,814, 
816:  679,528,-230,1,813, 
817:  687,526,-378,1,816, 
818:  679,523,-516,1,817, 
819:  672,518,-502,1,818, 
820:  675,535,-242,1,816, 
821:  678,543,-292,1,820, 
822:  685,547,-332,1,821, 
823:  693,547,-366,1,822, 
824:  699,541,-404,1,823, 
825:  701,547,-356,1,823, 
826:  680,554,-232,1,822, 
827:  687,558,-328,1,826, 
828:  695,558,-358,1,827, 
829:  672,554,-180,1,826, 
830:  664,551,-158,1,829, 
831:  658,557,-228,1,830, 
832:  654,564,-242,1,831, 
833:  651,572,-246,1,832, 
834:  648,580,-248,1,833, 
835:  645,588,-244,1,834, 
836:  642,596,-244,1,835, 
837:  638,603,-238,1,836, 
838:  634,610,-240,1,837, 
839:  629,617,-232,1,838, 
840:  623,623,-224,1,839, 
841:  616,628,-218,1,840, 
842:  609,633,-216,1,841, 
843:  643,572,-184,1,833, 
844:  635,572,-180,2,1145,843, 
845:  627,572,-176,1,844, 
846:  619,572,-176,1,845, 
847:  611,572,-176,1,846, 
848:  603,572,-180,1,847, 
849:  595,572,-182,1,848, 
850:  587,572,-186,1,849, 
851:  579,572,-178,1,850, 
852:  571,572,-180,1,851, 
853:  563,573,-190,1,852, 
854:  555,576,-204,1,853, 
855:  547,579,-202,1,854, 
856:  546,587,-260,1,855, 
857:  552,581,-402,1,856, 
858:  546,595,-268,1,856, 
859:  538,587,-182,1,856, 
860:  530,590,-202,1,859, 
861:  522,593,-206,1,860, 
862:  515,597,-208,1,861, 
863:  507,600,-206,1,862, 
864:  500,604,-208,1,863, 
865:  492,607,-206,1,864, 
866:  485,611,-208,1,865, 
867:  477,614,-206,1,866, 
868:  470,618,-208,1,867, 
869:  462,621,-204,1,868, 
870:  455,626,-218,1,869, 
871:  454,634,-258,1,870, 
872:  448,629,-140,1,871, 
873:  440,632,-202,2,1148,872, 
874:  539,577,-162,1,855, 
875:  531,577,-180,1,874, 
876:  523,577,-180,1,875, 
877:  515,577,-184,1,876, 
878:  507,578,-190,1,877, 
879:  499,579,-192,1,878, 
880:  491,582,-200,1,879, 
881:  483,585,-202,1,880, 
882:  475,588,-204,1,881, 
883:  468,592,-208,1,882, 
884:  460,595,-202,1,883, 
885:  452,598,-202,1,884, 
886:  444,601,-202,1,885, 
887:  437,605,-208,1,886, 
888:  434,613,-244,1,887, 
889:  430,620,-242,1,888, 
890:  428,628,-256,1,889, 
891:  420,631,-200,1,890, 
892:  412,628,-156,1,891, 
893:  404,626,-164,1,892, 
894:  396,626,-180,1,893, 
895:  388,626,-180,1,894, 
896:  385,634,-244,1,895, 
897:  383,642,-252,1,896, 
898:  377,631,-154,1,896, 
899:  369,630,-168,1,898, 
900:  361,630,-176,1,899, 
901:  367,624,-44,1,900, 
902:  369,616,-74,1,901, 
903:  376,620,28,1,902, 
904:  384,623,26,1,903, 
905:  387,615,-64,1,904, 
906:  390,607,-68,1,905, 
907:  382,607,-174,1,906, 
908:  374,605,-162,1,907, 
909:  392,599,-74,1,906, 
910:  394,591,-72,1,909, 
911:  397,583,-66,1,910, 
912:  402,576,-54,1,911, 
913:  408,570,-46,1,912, 
914:  416,573,24,1,913, 
915:  424,572,-10,1,914, 
916:  425,564,-80,1,915, 
917:  426,556,-78,1,916, 
918:  434,553,-20,1,917, 
919:  431,577,38,1,915, 
920:  437,583,46,1,919, 
921:  439,575,-74,1,920, 
922:  443,589,48,1,920, 
923:  450,593,30,1,922, 
924:  452,585,-74,1,923, 
925:  439,596,120,1,922, 
926:  431,594,194,1,925, 
927:  423,597,154,1,926, 
928:  419,604,118,1,927, 
929:  411,601,202,1,928, 
930:  418,590,232,1,927, 
931:  423,591,200,1,926, 
932:  438,591,82,1,920, 
933:  395,607,66,1,909, 
934:  403,608,8,1,933, 
935:  411,609,8,1,934, 
936:  419,609,-2,1,935, 
937:  427,608,-8,1,936, 
938:  565,565,-74,1,853, 
939:  565,557,-92,1,938, 
940:  564,549,-98,1,939, 
941:  558,543,-134,1,940, 
942:  550,545,-198,1,941, 
943:  542,546,-190,1,942, 
944:  534,549,-206,1,943, 
945:  526,552,-200,1,944, 
946:  518,552,-186,1,945, 
947:  510,553,-190,1,946, 
948:  502,554,-190,1,947, 
949:  494,555,-188,1,948, 
950:  537,539,-126,1,943, 
951:  534,531,-110,1,950, 
952:  532,523,-106,1,951, 
953:  529,515,-116,1,952, 
954:  524,509,-130,1,953, 
955:  516,509,-176,1,954, 
956:  508,509,-176,1,955, 
957:  500,509,-176,1,956, 
958:  492,509,-176,1,957, 
959:  484,509,-176,1,958, 
960:  476,509,-176,1,959, 
961:  468,509,-176,1,960, 
962:  460,509,-176,1,961, 
963:  452,509,-174,1,962, 
964:  444,509,-182,1,963, 
965:  442,517,-252,1,964, 
966:  436,523,-228,1,965, 
967:  430,529,-222,1,966, 
968:  423,534,-214,1,967, 
969:  416,539,-214,1,968, 
970:  409,543,-208,1,969, 
971:  402,548,-216,1,970, 
972:  396,554,-226,1,971, 
973:  390,560,-228,1,972, 
974:  384,566,-222,1,973, 
975:  376,568,-196,1,974, 
976:  371,575,-234,1,975, 
977:  368,583,-244,1,976, 
978:  376,560,-84,1,975, 
979:  379,552,-70,1,978, 
980:  381,544,-72,1,979, 
981:  384,536,-68,1,980, 
982:  387,528,-70,2,1149,981, 
983:  389,520,-74,1,982, 
984:  390,512,-78,1,983, 
985:  392,504,-74,1,984, 
986:  385,508,-212,1,985, 
987:  377,508,-180,1,986, 
988:  369,508,-180,1,987, 
989:  361,508,-180,1,988, 
990:  393,496,-80,1,985, 
991:  396,488,-68,1,990, 
992:  400,481,-58,1,991, 
993:  404,474,-60,1,992, 
994:  408,467,-58,1,993, 
995:  409,459,-82,1,994, 
996:  409,451,-88,1,995, 
997:  409,443,-92,1,996, 
998:  408,435,-98,1,997, 
999:  408,427,-94,2,1154,998, 
1000:  408,419,-94,1,999, 
1001:  408,411,-90,1,1000, 
1002:  409,403,-80,1,1001, 
1003:  412,395,-68,1,1002, 
1004:  414,387,-76,1,1003, 
1005:  407,383,-150,1,1004, 
1006:  399,380,-154,1,1005, 
1007:  391,377,-156,1,1006, 
1008:  383,376,-172,1,1007, 
1009:  375,376,-180,1,1008, 
1010:  367,377,-192,2,1155,1009, 
1011:  360,381,-212,1,1010, 
1012:  355,387,-230,1,1011, 
1013:  353,395,-254,1,1012, 
1014:  351,403,-254,1,1013, 
1015:  348,411,-248,1,1014, 
1016:  341,416,-218,1,1015, 
1017:  334,420,-210,1,1016, 
1018:  349,381,-136,1,1012, 
1019:  343,375,-138,1,1018, 
1020:  335,376,-190,1,1019, 
1021:  396,370,-54,2,1156,1007, 
1022:  397,362,-82,1,1021, 
1023:  394,354,-110,1,1022, 
1024:  419,381,-50,1,1004, 
1025:  423,374,-60,1,1024, 
1026:  427,367,-62,1,1025, 
1027:  430,359,-64,1,1026, 
1028:  434,352,-60,1,1027, 
1029:  438,345,-60,1,1028, 
1030:  442,338,-60,1,1029, 
1031:  445,330,-68,1,1030, 
1032:  439,324,-136,1,1031, 
1033:  435,317,-122,1,1032, 
1034:  447,345,52,1,1030, 
1035:  453,351,44,1,1034, 
1036:  460,355,30,1,1035, 
1037:  468,358,22,2,1157,1036, 
1038:  475,363,36,1,1037, 
1039:  483,366,20,1,1038, 
1040:  491,363,-24,1,1039, 
1041:  415,465,48,1,995, 
1042:  423,467,18,1,1041, 
1043:  431,469,18,2,1161,1042, 
1044:  439,469,-4,1,1043, 
1045:  447,472,22,1,1044, 
1046:  455,474,18,1,1045, 
1047:  462,470,-32,1,1046, 
1048:  465,462,-68,1,1047, 
1049:  468,454,-66,1,1048, 
1050:  471,446,-64,1,1049, 
1051:  475,439,-58,1,1050, 
1052:  480,432,-54,1,1051, 
1053:  486,426,-48,1,1052, 
1054:  492,420,-48,1,1053, 
1055:  497,413,-52,1,1054, 
1056:  503,407,-48,1,1055, 
1057:  508,400,-52,1,1056, 
1058:  513,393,-52,1,1057, 
1059:  519,387,-46,1,1058, 
1060:  524,380,-52,1,1059, 
1061:  511,408,68,1,1057, 
1062:  516,415,56,1,1061, 
1063:  519,423,70,1,1062, 
1064:  522,431,70,1,1063, 
1065:  524,439,74,1,1064, 
1066:  525,447,82,1,1065, 
1067:  528,455,70,1,1066, 
1068:  531,463,70,1,1067, 
1069:  534,471,68,1,1068, 
1070:  537,479,66,1,1069, 
1071:  542,486,56,1,1070, 
1072:  550,483,-24,1,1071, 
1073:  546,490,122,1,1072, 
1074:  549,498,68,1,1073, 
1075:  553,505,58,1,1074, 
1076:  545,507,162,1,1075, 
1077:  537,507,176,1,1076, 
1078:  529,508,170,1,1077, 
1079:  534,487,172,1,1071, 
1080:  526,490,160,1,1079, 
1081:  518,493,154,1,1080, 
1082:  519,501,80,1,1081, 
1083:  512,496,218,1,1082, 
1084:  505,492,208,1,1083, 
1085:  497,489,204,1,1084, 
1086:  489,486,204,1,1085, 
1087:  481,483,202,1,1086, 
1088:  473,480,200,1,1087, 
1089:  465,478,194,1,1088, 
1090:  457,481,158,1,1089, 
1091:  453,488,118,1,1090, 
1092:  450,496,116,1,1091, 
1093:  447,504,114,1,1092, 
1094:  439,507,154,1,1093, 
1095:  431,507,176,1,1094, 
1096:  423,507,176,1,1095, 
1097:  415,507,176,1,1096, 
1098:  407,507,176,1,1097, 
1099:  399,507,176,1,1098, 
1100:  539,518,-34,1,952, 
1101:  547,519,10,1,1100, 
1102:  555,517,-16,1,1101, 
1103:  566,541,-16,1,941, 
1104:  572,535,-48,1,1103, 
1105:  572,527,-84,1,1104, 
1106:  585,566,-46,1,851, 
1107:  592,561,-34,1,1106, 
1108:  599,557,-28,1,1107, 
1109:  607,554,-26,1,1108, 
1110:  614,549,-34,1,1109, 
1111:  621,544,-34,1,1110, 
1112:  628,539,-36,1,1111, 
1113:  635,534,-36,1,1112, 
1114:  642,529,-36,1,1113, 
1115:  649,524,-38,1,1114, 
1116:  666,543,-74,1,830, 
1117:  670,536,-62,1,1116, 
1118:  665,529,-124,1,1117, 
1119:  665,537,-276,1,1118, 
1120:  658,524,-142,1,1118, 
1121:  559,470,-90,1,769, 
1122:  559,462,-90,1,1121, 
1123:  559,454,-90,1,1122, 
1124:  559,446,-90,1,1123, 
1125:  559,438,-90,1,1124, 
1126:  560,430,-82,1,1125, 
1127:  363,313,-266,1,605, 
1128:  342,313,-236,1,603, 
1129:  350,310,-384,1,1128, 
1130:  344,321,-284,1,1128, 
1131:  341,329,-250,1,1130, 
1132:  329,347,-280,1,597, 
1133:  329,355,-274,1,1132, 
1134:  329,363,-274,1,1133, 
1135:  330,371,-278,1,1134, 
1136:  330,379,-266,1,1135, 
1137:  358,655,-338,1,506, 
1138:  366,656,-350,1,1137, 
1139:  374,658,-342,1,1138, 
1140:  390,673,-312,1,482, 
1141:  396,679,-312,1,1140, 
1142:  401,686,-308,1,1141, 
1143:  407,692,-312,1,1142, 
1144:  730,541,332,1,381, 
1145:  587,358,42,1,300, 
1146:  590,366,70,1,1145, 
1147:  583,371,142,1,1146, 
1148:  470,275,220,1,274, 
1149:  179,278,146,1,166, 
1150:  187,278,2,1,1149, 
1151:  171,280,164,1,1149, 
1152:  163,282,164,2,1169,1151, 
1153:  155,284,162,1,1152, 
1154:  128,259,-110,1,154, 
1155:  163,334,62,1,144, 
1156:  166,343,-112,1,134, 
1157:  223,406,26,1,119, 
1158:  231,405,-12,1,1157, 
1159:  238,400,-36,1,1158, 
1160:  245,396,-30,1,1159, 
1161:  220,424,36,1,117, 
1162:  225,431,52,2,1172,1161, 
1163:  232,435,30,1,1162, 
1164:  239,440,38,1,1163, 
1165:  245,446,42,1,1164, 
1166:  252,451,36,1,1165, 
1167:  259,456,38,1,1166, 
1168:  224,438,156,1,1163, 
1169:  273,675,128,1,16, 
1170:  267,681,138,1,1169, 
1171:  260,686,142,1,1170, 
1172:  215,674,144,1,9, 
1173:  213,682,108,1,1172, 
1174:  205,680,198,1,1173, 
1175:  197,683,158,1,1174, 
1176:  189,686,156,1,1175, 
1177:  181,689,158,1,1176, 
1178:  173,692,160,2,1179,1177, 
1179:  142,660,188,1,0, 
1180:  134,659,188,1,1179, 
1181:  126,658,190,1,1180, 
1182:  118,655,204,1,1181, 
